%% Curva do LSPM

Torque_med = [.0698725; .40933; .7448175; 1.06549; 1.43221; 1.8043225; 2.1735525; ...
    2.5387625; 2.898035; 3.2899675; 4.0478; 4.42964; 4.81413; 5.1886425; ...
    5.5601475; 5.9330375; 6.2904725; 6.670675; 7.0517725; 7.43643];

Eff_med = [15.4726935; 53.93614601; 69.6771221; 77.41554481; 82.45658752; 85.08952411; ...
    86.44182811; 87.05577029; 87.10285482; 86.81388271; 85.49152062; 84.57031738; ...
    83.43027729; 82.1521621; 80.63055864; 78.99511633; 77.1521274; 74.84772864; 71.86824502; 67.15036968];

Speed = [
 
-.178   0
-.349   6.15
-.459   22.5
-.518   26.8
-.533   25.2
-.509   19
-.454   7.52
-.375   0
-.281   0
3.85e-02	1.26e01
3.20e-01	5.74e01
6.59e-01	7.57e01
1.05	8.44e01
1.49	8.89e01
1.97	9.12e01
2.47	9.21e01
2.99	9.23e01
3.52	9.20e01
4.03	9.13e01
4.53	9.04e01
4.99	8.93e01
5.40	8.80e01
5.77	8.66e01
6.08	8.50e01];